2009,New York Yankees,400000,33000000,32600000
2010,New York Yankees,410800,33000000,32589200
2016,Los Angeles Dodgers,507500,33000000,32492500
2015,Los Angeles Dodgers,510000,32571000,32061000
2011,New York Yankees,419300,32000000,31580700
2016,Arizona Diamondbacks,507500,31799030,31291530
2012,New York Yankees,482000,30000000,29518000
2016,Boston Red Sox,509500,30000000,29490500
2013,New York Yankees,490000,29000000,28510000
2008,New York Yankees,390000,28000000,27610000
2016,Detroit Tigers,507500,28000000,27492500
2015,Detroit Tigers,507500,28000000,27492500
2016,New York Mets,511360,27328046,26816686
2011,Los Angeles Angels of Anaheim,414000,26187500,25773500
2005,New York Yankees,317200,26000000,25682800
2014,Los Angeles Dodgers,501000,26000000,25499000
2016,Seattle Mariners,511000,25857143,25346143
2013,Philadelphia Phillies,490000,25000000,24510000
2014,Philadelphia Phillies,500000,25000000,24500000
2016,New York Yankees,507500,25000000,24492500
2016,Los Angeles Angels of Anaheim,507500,25000000,24492500
2015,Philadelphia Phillies,508000,25000000,24492000
2016,Chicago Cubs,508500,25000000,24491500
2015,Seattle Mariners,509300,24857000,24347700
2012,Los Angeles Angels of Anaheim,480000,24187500,23707500
2014,Texas Rangers,501000,24000000,23499000
2014,Seattle Mariners,503500,24000000,23496500
2015,Texas Rangers,507000,24000000,23493000
2016,Texas Rangers,508500,24000000,23491500
2015,Los Angeles Angels of Anaheim,509500,24000000,23490500
2009,Los Angeles Dodgers,400000,23854494,23454494
2007,New York Yankees,382048,23428571,23046523
2012,New York Mets,480000,23145011,22665011
2015,New York Yankees,507500,23125000,22617500
2011,Minnesota Twins,419000,23000000,22581000
2012,Minnesota Twins,480000,23000000,22520000
2012,Detroit Tigers,480000,23000000,22520000
2013,Detroit Tigers,490000,23000000,22510000
2013,Minnesota Twins,490000,23000000,22510000
2014,Minnesota Twins,500000,23000000,22500000
2014,Los Angeles Angels of Anaheim,500500,23000000,22499500
2014,New York Yankees,502100,23000000,22497900
2015,Minnesota Twins,510000,23000000,22490000
2016,Minnesota Twins,512500,23000000,22487500
2004,Boston Red Sox,300000,22500000,22200000
2002,Texas Rangers,200000,22000000,21800000
2001,Texas Rangers,202500,22000000,21797500
2013,San Francisco Giants,490500,22250000,21759500
2003,Texas Rangers,300000,22000000,21700000
2004,New York Yankees,301400,22000000,21698600
2005,Boston Red Sox,316000,22000000,21684000
2005,San Francisco Giants,316500,22000000,21683500
2016,Washington Nationals,514400,22142857,21628457
2014,Detroit Tigers,500000,22000000,21500000
2016,Colorado Rockies,507500,22000000,21492500
2015,Toronto Blue Jays,508500,22000000,21491500
2012,Boston Red Sox,482000,21857142,21375142
2013,Los Angeles Dodgers,490500,21857143,21366643
2006,New York Yankees,328600,21680727,21352127
2011,New York Mets,414000,21644707,21230707
2012,Philadelphia Phillies,480000,21500000,21020000
2016,San Diego Padres,507500,21500000,20992500
2016,Baltimore Orioles,507500,21268890,20761390
2015,San Diego Padres,508500,21250000,20741500
2015,Washington Nationals,507500,21000000,20492500
2015,San Francisco Giants,509000,21000000,20491000
2016,San Francisco Giants,508500,20833333,20324833
2013,Seattle Mariners,490000,20557143,20067143
2011,Colorado Rockies,415000,20275000,19860000
2010,New York Mets,400000,20144707,19744707
2003,Boston Red Sox,300000,20000000,19700000
2010,Detroit Tigers,400000,20000000,19600000
2011,Detroit Tigers,414000,20000000,19586000
2011,Philadelphia Phillies,414000,20000000,19586000
2014,San Francisco Giants,500500,20000000,19499500
2014,Washington Nationals,501000,20000000,19499000
2014,New York Mets,501560,20000000,19498440
2016,Toronto Blue Jays,507500,20000000,19492500
2016,Cincinnati Reds,507500,20000000,19492500
2015,Chicago Cubs,508000,20000000,19492000
2015,New York Mets,509125,20000000,19490875
2015,Colorado Rockies,509500,20000000,19490500
2004,Toronto Blue Jays,300000,19700000,19400000
2015,Boston Red Sox,508500,19750000,19241500
2012,Seattle Mariners,480000,19700000,19220000
2002,Toronto Blue Jays,200000,19400000,19200000
2006,Houston Astros,327000,19369019,19042019
2006,San Francisco Giants,328000,19331470,19003470
2014,St. Louis Cardinals,500000,19500000,19000000
2015,St. Louis Cardinals,507500,19500000,18992500
2016,St. Louis Cardinals,507500,19500000,18992500
2009,New York Mets,400000,19243682,18843682
2016,Milwaukee Brewers,507500,19315013,18807513
2010,Philadelphia Phillies,400000,19000000,18600000
2010,Chicago Cubs,400000,19000000,18600000
2010,Houston Astros,400000,19000000,18600000
2011,Houston Astros,414000,19000000,18586000
2011,Chicago Cubs,417000,19000000,18583000
2009,Houston Astros,425000,19000000,18575000
2009,Detroit Tigers,400000,18971596,18571596
2008,Boston Red Sox,396000,18929923,18533923
2012,Miami Marlins,480000,19000000,18520000
2012,Houston Astros,480000,19000000,18520000
2012,Chicago Cubs,480000,19000000,18520000
2012,San Francisco Giants,480000,19000000,18520000
2013,Chicago Cubs,490000,19000000,18510000
2013,Cincinnati Reds,480000,18910655,18430655
2003,Toronto Blue Jays,300000,18700000,18400000
2009,Chicago Cubs,400000,18750000,18350000
2010,Los Angeles Dodgers,400000,18695006,18295006
2010,Boston Red Sox,415500,18700000,18284500
2008,New York Mets,394000,18622809,18228809
2009,San Francisco Giants,400000,18500000,18100000
2010,Los Angeles Angels of Anaheim,400000,18500000,18100000
2010,San Francisco Giants,400500,18500000,18099500
2011,San Francisco Giants,414000,18500000,18086000
2006,Boston Red Sox,335000,18279238,17944238
2004,San Francisco Giants,300000,18000000,17700000
2005,Houston Astros,316000,18000000,17684000
2010,Seattle Mariners,400000,18000000,17600000
2009,Los Angeles Angels of Anaheim,400000,18000000,17600000
2009,Seattle Mariners,400000,18000000,17600000
2011,Seattle Mariners,414000,18000000,17586000
2010,Colorado Rockies,401000,17775000,17374000
2013,Los Angeles Angels of Anaheim,490000,17400000,16910000
2004,New York Mets,300000,17166667,16866667
2003,New York Mets,300000,17166667,16866667
2008,Seattle Mariners,390000,17102149,16712149
2005,Baltimore Orioles,316000,17000000,16684000
2007,Boston Red Sox,380000,17016381,16636381
2011,Boston Red Sox,417000,17000000,16583000
2012,Chicago White Sox,480000,17000000,16520000
2004,Los Angeles Dodgers,301000,16666667,16365667
2006,Colorado Rockies,327000,16600000,16273000
2007,Colorado Rockies,381000,16600000,16219000
2008,Colorado Rockies,390000,16600000,16210000
2009,Colorado Rockies,401000,16600000,16199000
2008,Los Angeles Angels of Anaheim,390000,16500000,16110000
2013,Washington Nationals,493000,16571429,16078429
2012,Pittsburgh Pirates,480000,16500000,16020000
2013,Pittsburgh Pirates,493500,16500000,16006500
2010,St. Louis Cardinals,400000,16333327,15933327
2011,St. Louis Cardinals,414000,16317774,15903774
2006,Detroit Tigers,327000,16200000,15873000
2012,St. Louis Cardinals,480000,16292362,15812362
2013,St. Louis Cardinals,490000,16272110,15782110
2005,Atlanta Braves,300000,16061802,15761802
2011,Texas Rangers,414000,16174974,15760974
2005,New York Mets,317000,16071429,15754429
2004,Arizona Diamondbacks,300000,16000000,15700000
2004,Chicago Cubs,300000,16000000,15700000
2003,Chicago Cubs,305000,16000000,15695000
2012,Texas Rangers,480000,16174974,15694974
2004,Houston Astros,307500,16000000,15692500
2013,Chicago White Sox,490500,16157271,15666771
2007,Los Angeles Angels of Anaheim,380000,16000000,15620000
2008,Chicago Cubs,391500,16000000,15608500
2011,Chicago White Sox,414000,16000000,15586000
2008,Atlanta Braves,390000,15975184,15585184
2001,Los Angeles Dodgers,200000,15714286,15514286
2013,Texas Rangers,490000,16000000,15510000
2000,Los Angeles Dodgers,205000,15714286,15509286
2014,Milwaukee Brewers,500000,16000000,15500000
2014,Colorado Rockies,500000,16000000,15500000
2002,Los Angeles Dodgers,215000,15714286,15499286
2014,Toronto Blue Jays,501900,16000000,15498100
2014,Boston Red Sox,502000,16000000,15498000
2013,Boston Red Sox,498000,15950000,15452000
2003,Los Angeles Dodgers,300000,15714286,15414286
2008,Detroit Tigers,390000,15768174,15378174
2008,Los Angeles Dodgers,390000,15730195,15340195
2007,Los Angeles Dodgers,381000,15703946,15322946
2003,New York Yankees,300000,15600000,15300000
2016,Houston Astros,507500,15800000,15292500
2010,Toronto Blue Jays,400700,15687500,15286800
2008,Chicago White Sox,392500,15666666,15274166
2002,Boston Red Sox,200000,15462727,15262727
2015,Chicago White Sox,510000,15750000,15240000
2016,Chicago White Sox,513000,15750000,15237000
2003,San Francisco Giants,300000,15500000,15200000
2006,San Diego Padres,327000,15505142,15178142
2007,San Francisco Giants,380000,15533970,15153970
2007,Seattle Mariners,380000,15500000,15120000
2009,Atlanta Braves,400000,15500000,15100000
2011,Milwaukee Brewers,414000,15500000,15086000
2004,Atlanta Braves,300000,15333333,15033333
2013,Baltimore Orioles,490000,15350000,14860000
2002,San Francisco Giants,200000,15000000,14800000
2002,Chicago Cubs,203500,15000000,14796500
1998,Florida Marlins,170000,14936667,14766667
2008,Arizona Diamondbacks,390000,15100546,14710546
2003,Arizona Diamondbacks,300000,15000000,14700000
2005,Texas Rangers,316000,15000000,14684000
2010,Atlanta Braves,400000,15000000,14600000
2010,Minnesota Twins,400000,15000000,14600000
2009,Philadelphia Phillies,400000,15000000,14600000
2010,Chicago White Sox,400000,15000000,14600000
2011,Atlanta Braves,414000,15000000,14586000
2006,New York Mets,327000,14875000,14548000
2012,Cleveland Indians,480000,15000000,14520000
2014,Chicago White Sox,500000,15000000,14500000
2014,Baltimore Orioles,500500,15000000,14499500
2014,Cleveland Indians,501500,15000000,14498500
2015,Cleveland Indians,507700,15000000,14492300
2007,Chicago White Sox,380000,14833333,14453333
2003,Atlanta Braves,300000,14750000,14450000
2008,Houston Astros,390000,14811414,14421414
2002,New York Yankees,210000,14600000,14390000
2006,Atlanta Braves,327000,14503543,14176543
2007,Atlanta Braves,380000,14500000,14120000
2007,Houston Astros,380000,14500000,14120000
2007,New York Mets,380000,14500000,14120000
2008,San Francisco Giants,390000,14500000,14110000
2009,St. Louis Cardinals,400000,14427326,14027326
2008,Philadelphia Phillies,390000,14250000,13860000
2009,Toronto Blue Jays,400000,14250000,13850000
2006,Chicago White Sox,327000,14166667,13839667
2014,Atlanta Braves,500000,14250000,13750000
2004,Texas Rangers,300000,14000000,13700000
2004,Chicago White Sox,301000,14000000,13699000
2006,St. Louis Cardinals,327000,14000000,13673000
2006,Los Angeles Angels of Anaheim,327000,14000000,13673000
2009,Chicago White Sox,400000,14000000,13600000
2009,Boston Red Sox,400000,14000000,13600000
2009,Cincinnati Reds,400000,14000000,13600000
2012,Atlanta Braves,480000,14000000,13520000
2012,Toronto Blue Jays,481700,14000000,13518300
2013,Toronto Blue Jays,494200,14000000,13505800
2014,Tampa Bay Rays,500000,14000000,13500000
2015,Cincinnati Reds,507500,14000000,13492500
2015,Milwaukee Brewers,507500,14000000,13492500
2008,St. Louis Cardinals,390000,13870949,13480949
2001,Toronto Blue Jays,200000,13650000,13450000
2007,Baltimore Orioles,380000,13811415,13431415
2001,New York Mets,205000,13571429,13366429
2006,Philadelphia Phillies,330000,13600000,13270000
2016,Pittsburgh Pirates,510000,13666667,13156667
2001,Arizona Diamondbacks,200000,13350000,13150000
2002,Arizona Diamondbacks,215000,13350000,13135000
2000,Arizona Diamondbacks,215000,13350000,13135000
2009,Oakland Athletics,400000,13500000,13100000
2012,Washington Nationals,481000,13571428,13090428
2005,Los Angeles Dodgers,316000,13400000,13084000
2012,Milwaukee Brewers,481000,13500000,13019000
2014,Kansas City Royals,500500,13500000,12999500
2001,Anaheim Angels,200000,13166667,12966667
2002,Atlanta Braves,200000,13100000,12900000
2007,Philadelphia Phillies,380000,13250000,12870000
2007,Chicago Cubs,383000,13250000,12867000
2005,Philadelphia Phillies,316000,13166667,12850667
2001,Boston Red Sox,200000,13050000,12850000
2007,Detroit Tigers,380000,13200000,12820000
2015,Baltimore Orioles,514000,13333333,12819333
2007,Toronto Blue Jays,381500,13200000,12818500
2008,Toronto Blue Jays,392100,13200000,12807900
2010,Texas Rangers,401000,13174974,12773974
2003,Baltimore Orioles,300000,13000000,12700000
2003,Houston Astros,300000,13000000,12700000
2006,Seattle Mariners,327500,13000000,12672500
2000,Baltimore Orioles,200000,12868670,12668670
2013,Atlanta Braves,490000,13146942,12656942
2009,Texas Rangers,400000,13054526,12654526
2007,Minnesota Twins,380000,13000000,12620000
2008,Cincinnati Reds,390000,13000000,12610000
2011,Los Angeles Dodgers,414000,13000000,12586000
2011,Cleveland Indians,414100,13000000,12585900
2007,St. Louis Cardinals,382000,12937813,12555813
2014,Pittsburgh Pirates,500000,13000000,12500000
2013,Kansas City Royals,503175,13000000,12496825
2015,Oakland Athletics,507500,13000000,12492500
2016,Philadelphia Phillies,507500,13000000,12492500
2007,Oakland Athletics,380000,12858194,12478194
2002,Colorado Rockies,206000,12666667,12460667
2006,Toronto Blue Jays,327000,12750000,12423000
2001,New York Yankees,200000,12600000,12400000
2004,Colorado Rockies,300000,12666667,12366667
2003,Colorado Rockies,300000,12666667,12366667
2009,Milwaukee Brewers,400000,12750000,12350000
2010,Milwaukee Brewers,400000,12750000,12350000
2005,St. Louis Cardinals,320000,12666667,12346667
2001,Atlanta Braves,200000,12500000,12300000
2001,Cincinnati Reds,200000,12500000,12300000
2001,Chicago Cubs,200000,12500000,12300000
2005,Colorado Rockies,316000,12600000,12284000
2004,Cincinnati Reds,300000,12500000,12200000
2004,St. Louis Cardinals,300000,12500000,12200000
2003,Cincinnati Reds,308000,12500000,12192000
2005,Los Angeles Angels of Anaheim,316000,12500000,12184000
2005,Cincinnati Reds,316000,12500000,12184000
2005,Seattle Mariners,316000,12500000,12184000
2002,Baltimore Orioles,200000,12368790,12168790
2000,New York Yankees,200000,12357143,12157143
2010,Cincinnati Reds,400000,12500000,12100000
2010,Oakland Athletics,400000,12500000,12100000
2016,Tampa Bay Rays,510000,12600018,12090018
2012,Cincinnati Reds,480000,12500000,12020000
2010,Kansas City Royals,400500,12400000,11999500
2016,Miami Marlins,507500,12500000,11992500
2015,Kansas City Royals,509525,12500000,11990475
2001,Colorado Rockies,203000,12166667,11963667
2002,New York Mets,212500,12166667,11954167
2000,Colorado Rockies,222500,12142857,11920357
2012,Baltimore Orioles,480000,12350000,11870000
2004,Philadelphia Phillies,300000,12166667,11866667
2000,New York Mets,210000,12071429,11861429
2016,Atlanta Braves,507500,12359375,11851875
2001,Baltimore Orioles,200000,12049040,11849040
1999,Baltimore Orioles,200000,11949794,11749794
2008,Milwaukee Brewers,392000,12125000,11733000
2011,Cincinnati Reds,414000,12125000,11711000
2006,Chicago Cubs,327000,12000000,11673000
2008,Kansas City Royals,390000,12000000,11610000
2010,Baltimore Orioles,400000,12000000,11600000
2010,Washington Nationals,400000,12000000,11600000
2009,Kansas City Royals,405000,12000000,11595000
2003,Detroit Tigers,300000,11850000,11550000
2014,Houston Astros,500000,12000000,11500000
2014,Cincinnati Reds,500000,12000000,11500000
2015,Atlanta Braves,507500,12000000,11492500
2015,Arizona Diamondbacks,507500,12000000,11492500
2016,Kansas City Royals,508450,12000000,11491550
2006,Baltimore Orioles,327000,11811415,11484415
2003,Oakland Athletics,300000,11666667,11366667
2004,Oakland Athletics,300500,11666667,11366167
2000,Boston Red Sox,200000,11500000,11300000
2009,Arizona Diamondbacks,400000,11666666,11266666
2009,Minnesota Twins,400000,11600000,11200000
2003,Montreal Expos,300000,11500000,11200000
2003,Anaheim Angels,300000,11500000,11200000
2012,Los Angeles Dodgers,480000,11666666,11186666
2006,Oakland Athletics,327000,11492454,11165454
2016,Oakland Athletics,507500,11666667,11159167
2015,Pittsburgh Pirates,510000,11666666,11156666
2008,Oakland Athletics,390000,11500000,11110000
2009,Cleveland Indians,400000,11500000,11100000
2010,Cleveland Indians,400000,11500000,11100000
2006,Los Angeles Dodgers,327500,11400000,11072500
2013,Miami Marlins,490000,11500000,11010000
2000,Anaheim Angels,200000,11166667,10966667
2000,Atlanta Braves,200000,11100000,10900000
1999,Boston Red Sox,200000,11100000,10900000
2003,Philadelphia Phillies,300000,11166667,10866667
2000,Chicago Cubs,200000,11000000,10800000
2002,Houston Astros,200000,11000000,10800000
2001,St. Louis Cardinals,200000,11000000,10800000
2007,Milwaukee Brewers,381000,11125000,10744000
2003,Kansas City Royals,300000,11000000,10700000
2004,Kansas City Royals,300000,11000000,10700000
2004,Anaheim Angels,301500,11000000,10698500
2005,Kansas City Royals,316000,11000000,10684000
2005,Arizona Diamondbacks,317500,11000000,10682500
2006,Kansas City Royals,327500,11000000,10672500
2007,Kansas City Royals,380000,11000000,10620000
2008,Texas Rangers,390000,11000000,10610000
2008,Cleveland Indians,390400,11000000,10609600
2009,San Diego Padres,400000,11000000,10600000
2011,Florida Marlins,414000,11000000,10586000
1999,Los Angeles Dodgers,200000,10714286,10514286
2013,Milwaukee Brewers,490000,11000000,10510000
2013,Colorado Rockies,490000,11000000,10510000
2013,Cleveland Indians,490000,11000000,10510000
2014,Chicago Cubs,500000,11000000,10500000
2014,Arizona Diamondbacks,500000,11000000,10500000
2015,Miami Marlins,507500,11000000,10492500
2015,Tampa Bay Rays,507500,11000000,10492500
2000,San Francisco Giants,200000,10658826,10458826
2004,Minnesota Twins,300000,10750000,10450000
2006,Minnesota Twins,327000,10750000,10423000
1999,Atlanta Braves,200000,10600000,10400000
2006,Arizona Diamondbacks,327000,10673328,10346328
2005,Oakland Athletics,316000,10571429,10255429
2005,Toronto Blue Jays,300000,10500000,10200000
2003,St. Louis Cardinals,300000,10500000,10200000
2011,Baltimore Orioles,417000,10600000,10183000
2011,Washington Nationals,414000,10571428,10157428
2006,Texas Rangers,327000,10472409,10145409
2006,Cincinnati Reds,327000,10464686,10137686
2007,Cincinnati Reds,380000,10500000,10120000
2001,San Francisco Giants,200000,10300000,10100000
2014,San Diego Padres,501200,10525000,10023800
2012,Colorado Rockies,480000,10500000,10020000
2014,Oakland Athletics,500000,10500000,10000000
1997,Chicago White Sox,150000,10000000,9850000
2003,Florida Marlins,165574,10000000,9834426
1998,Chicago White Sox,170000,10000000,9830000
2000,Toronto Blue Jays,200000,10000000,9800000
2001,Cleveland Indians,202000,10000000,9798000
2001,Chicago White Sox,200000,9927000,9727000
2002,Chicago White Sox,200000,9927000,9727000
2010,Tampa Bay Rays,402700,10125000,9722300
2013,New York Mets,480000,10192071,9712071
2006,Washington Nationals,327000,10000000,9673000
1999,New York Yankees,200000,9857143,9657143
2008,Pittsburgh Pirates,390000,10037283,9647283
2007,San Diego Padres,380000,10000000,9620000
2008,San Diego Padres,390000,10000000,9610000
2010,Florida Marlins,401000,10000000,9599000
2013,Arizona Diamondbacks,491000,10000000,9509000
1999,Arizona Diamondbacks,200000,9700000,9500000
2015,Houston Astros,511200,10000000,9488800
2007,Texas Rangers,381000,9836116,9455116
2002,Anaheim Angels,200000,9650000,9450000
1998,Atlanta Braves,170000,9600000,9430000
2013,Tampa Bay Rays,496500,9831954,9335454
2005,San Diego Padres,317000,9625000,9308000
2003,San Diego Padres,300000,9600000,9300000
2006,Milwaukee Brewers,329500,9625000,9295500
2005,Chicago Cubs,300000,9500000,9200000
1999,San Francisco Giants,200000,9381057,9181057
1999,St. Louis Cardinals,200000,9358667,9158667
2000,St. Louis Cardinals,202500,9333333,9130833
2000,Cincinnati Reds,200000,9329700,9129700
1996,Detroit Tigers,109000,9237500,9128500
1995,Detroit Tigers,109000,9237500,9128500
1997,New York Yankees,157000,9237500,9080500
2013,San Diego Padres,491300,9500000,9008700
2000,Tampa Bay Devil Rays,200000,9000000,8800000
1999,Chicago Cubs,200000,9000000,8800000
2002,Cincinnati Reds,200000,9000000,8800000
2001,Tampa Bay Devil Rays,200000,9000000,8800000
1998,St. Louis Cardinals,170000,8928354,8758354
1999,Texas Rangers,200000,8950000,8750000
1998,San Francisco Giants,170000,8916667,8746667
2007,Arizona Diamondbacks,380000,9100546,8720546
2003,Chicago White Sox,300000,9000000,8700000
2005,Minnesota Twins,316000,9000000,8684000
1999,Seattle Mariners,200000,8760532,8560532
2002,Tampa Bay Devil Rays,200000,8750000,8550000
2002,Minnesota Twins,200000,8750000,8550000
2004,Detroit Tigers,300000,8850000,8550000
2004,San Diego Padres,300000,8833333,8533333
2005,Detroit Tigers,318500,8850000,8531500
2003,Pittsburgh Pirates,312500,8833333,8520833
2012,Oakland Athletics,480000,9000000,8520000
1997,San Francisco Giants,150000,8666667,8516667
2003,Minnesota Twins,302500,8750000,8447500
2004,Milwaukee Brewers,300000,8737500,8437500
2005,Chicago White Sox,318000,8750000,8432000
2000,Texas Rangers,200000,8620921,8420921
2002,Philadelphia Phillies,200000,8600000,8400000
1999,Toronto Blue Jays,200000,8600000,8400000
1998,Toronto Blue Jays,170000,8550000,8380000
2007,Cleveland Indians,380100,8750000,8369900
1996,San Francisco Giants,109000,8416667,8307667
2004,Pittsburgh Pirates,300000,8571429,8271429
1997,Toronto Blue Jays,150000,8400000,8250000
1999,Colorado Rockies,200000,8442981,8242981
2013,Oakland Athletics,490000,8700000,8210000
2006,Pittsburgh Pirates,327000,8500000,8173000
1998,Chicago Cubs,170000,8325000,8155000
1998,New York Yankees,170000,8300000,8130000
2010,Arizona Diamondbacks,400000,8500000,8100000
1995,San Francisco Giants,109000,8166666,8057666
1999,Cleveland Indians,200000,8225000,8025000
2012,Kansas City Royals,480425,8500000,8019575
2008,Minnesota Twins,390000,8400000,8010000
1998,Seattle Mariners,170000,8153667,7983667
2000,Cleveland Indians,205000,8175000,7970000
2016,Cleveland Indians,507500,8450000,7942500
2003,Milwaukee Brewers,300000,8200000,7900000
2002,San Diego Padres,200000,8100000,7900000
1995,Toronto Blue Jays,109000,8000000,7891000
1997,Houston Astros,150000,8040000,7890000
2002,Pittsburgh Pirates,200000,8063003,7863003
2009,Tampa Bay Rays,402800,8250000,7847200
1998,Los Angeles Dodgers,170000,8000000,7830000
2002,Seattle Mariners,200000,8000000,7800000
2002,Detroit Tigers,200000,8000000,7800000
2002,Cleveland Indians,200000,8000000,7800000
2002,Montreal Expos,200000,8000000,7800000
2002,Kansas City Royals,200000,8000000,7800000
1998,Houston Astros,170000,7945000,7775000
1997,Seattle Mariners,150000,7885532,7735532
2003,Seattle Mariners,300000,8000000,7700000
2004,Seattle Mariners,300000,8000000,7700000
2005,Milwaukee Brewers,316000,8000000,7684000
2005,Washington Nationals,316000,8000000,7684000
1998,Texas Rangers,170000,7800000,7630000
2008,Baltimore Orioles,390000,8000000,7610000
2009,Baltimore Orioles,400000,8000000,7600000
2009,Washington Nationals,400000,8000000,7600000
2011,Toronto Blue Jays,416000,8000000,7584000
2001,Minnesota Twins,200000,7750000,7550000
1996,Seattle Mariners,109000,7650000,7541000
2001,Houston Astros,210000,7750000,7540000
2012,Tampa Bay Rays,480000,8000000,7520000
1995,Seattle Mariners,109000,7600000,7491000
2005,Pittsburgh Pirates,316000,7750000,7434000
1998,Boston Red Sox,170000,7575000,7405000
1998,Cleveland Indians,170000,7550000,7380000
1997,Texas Rangers,150000,7500000,7350000
1996,Texas Rangers,109000,7425000,7316000
2001,Detroit Tigers,200000,7500000,7300000
2000,Detroit Tigers,200000,7500000,7300000
2002,Milwaukee Brewers,202000,7500000,7298000
2000,Seattle Mariners,205000,7500000,7295000
2012,Arizona Diamondbacks,481000,7750000,7269000
2005,Florida Marlins,300000,7500000,7200000
2004,Tampa Bay Devil Rays,302500,7500000,7197500
2001,Pittsburgh Pirates,200000,7333333,7133333
2002,St. Louis Cardinals,245000,7333333,7088333
2011,San Diego Padres,414000,7500000,7086000
1997,Minnesota Twins,150000,7200000,7050000
1995,Chicago White Sox,109000,7150000,7041000
1996,Chicago White Sox,109500,7150000,7040500
2007,Florida Marlins,380000,7400000,7020000
2012,San Diego Padres,481000,7500000,7019000
1997,Cleveland Indians,150000,7150000,7000000
1997,Oakland Athletics,150000,7150000,7000000
2009,Pittsburgh Pirates,400000,7400000,7000000
1999,New York Mets,200000,7171428,6971428
1999,Anaheim Angels,200000,7166666,6966666
2002,Oakland Athletics,202000,7166667,6964667
1997,Florida Marlins,50000,7000000,6950000
2004,Cleveland Indians,301000,7250000,6949000
1996,Oakland Athletics,109000,7050000,6941000
2000,Chicago White Sox,200000,7100000,6900000
2001,Oakland Athletics,201000,7100000,6899000
2003,Cleveland Indians,300000,7166667,6866667
1997,Atlanta Braves,150000,7000000,6850000
1997,Los Angeles Dodgers,150000,7000000,6850000
1995,Oakland Athletics,109000,6925000,6816000
1999,Chicago White Sox,200000,7000000,6800000
2001,Florida Marlins,200000,7000000,6800000
1999,Florida Marlins,200000,7000000,6800000
2000,Florida Marlins,200000,7000000,6800000
2001,Seattle Mariners,202500,7000000,6797500
1995,Houston Astros,109000,6875000,6766000
2000,San Diego Padres,200000,6916667,6716667
2004,Baltimore Orioles,300000,7000000,6700000
2004,Montreal Expos,300000,7000000,6700000
1997,Baltimore Orioles,150000,6850000,6700000
2005,Cleveland Indians,316500,7000000,6683500
2006,Cleveland Indians,327000,7000000,6673000
1995,Baltimore Orioles,109000,6700000,6591000
2006,Tampa Bay Devil Rays,327000,6916667,6589667
1998,Baltimore Orioles,170000,6755492,6585492
1996,Atlanta Braves,109000,6675000,6566000
1997,Cincinnati Reds,150000,6700000,6550000
2001,San Diego Padres,200000,6750000,6550000
1996,Baltimore Orioles,109000,6650000,6541000
2000,Houston Astros,215000,6750000,6535000
1999,San Diego Padres,200000,6666666,6466666
1996,Toronto Blue Jays,109000,6525000,6416000
1995,Atlanta Braves,109000,6500000,6391000
1997,New York Mets,150000,6500000,6350000
2002,Florida Marlins,200000,6500000,6300000
2001,Milwaukee Brewers,200000,6500000,6300000
1999,Houston Astros,200000,6500000,6300000
1998,Arizona Diamondbacks,170000,6450000,6280000
1997,Detroit Tigers,150000,6400000,6250000
2003,Tampa Bay Devil Rays,300000,6500000,6200000
2004,Florida Marlins,300000,6500000,6200000
1997,Boston Red Sox,150000,6350000,6200000
1995,Minnesota Twins,109000,6300000,6191000
1994,New York Mets,109000,6300000,6191000
1997,Colorado Rockies,150000,6325000,6175000
2001,Philadelphia Phillies,200000,6333333,6133333
1996,New York Yankees,109000,6200000,6091000
1996,Philadelphia Phillies,109000,6200000,6091000
1993,New York Mets,109000,6200000,6091000
1995,Philadelphia Phillies,109000,6200000,6091000
1996,Minnesota Twins,109000,6200000,6091000
1996,Cincinnati Reds,109000,6150000,6041000
1996,Florida Marlins,109000,6135000,6026000
2014,Miami Marlins,500000,6500000,6000000
1992,New York Mets,115000,6100000,5985000
1999,Tampa Bay Devil Rays,200000,6180000,5980000
2010,San Diego Padres,401300,6375000,5973700
1998,Colorado Rockies,170000,6050000,5880000
1993,Chicago Cubs,109000,5975000,5866000
1994,Chicago Cubs,109000,5975000,5866000
1997,Philadelphia Phillies,150000,6000000,5850000
2011,Pittsburgh Pirates,414000,6250000,5836000
1998,Philadelphia Phillies,170000,6000000,5830000
2008,Washington Nationals,392500,6200000,5807500
1999,Philadelphia Phillies,200000,6000000,5800000
2001,Kansas City Royals,200000,6000000,5800000
2001,Montreal Expos,200000,6000000,5800000
1995,Cincinnati Reds,109000,5900000,5791000
1993,Atlanta Braves,109000,5875000,5766000
1996,Milwaukee Brewers,109000,5875000,5766000
2000,Philadelphia Phillies,203000,5900000,5697000
1995,Boston Red Sox,109000,5800000,5691000
1998,Kansas City Royals,170000,5825000,5655000
1993,Cincinnati Reds,109000,5750000,5641000
2008,Tampa Bay Rays,390000,6000000,5610000
1996,Cleveland Indians,110000,5700000,5590000
2011,Oakland Athletics,414000,6000000,5586000
1995,Texas Rangers,109000,5647726,5538726
1995,Florida Marlins,109000,5625000,5516000
1996,Colorado Rockies,109000,5612991,5503991
1999,Milwaukee Brewers,200000,5694133,5494133
1995,New York Mets,109000,5562990,5453990
1993,Toronto Blue Jays,109000,5550000,5441000
1994,Toronto Blue Jays,109000,5550000,5441000
2011,Arizona Diamondbacks,414000,5850000,5436000
2000,Pittsburgh Pirates,205000,5625000,5420000
1999,Cincinnati Reds,200000,5615428,5415428
2000,Oakland Athletics,200500,5600000,5399500
1996,Boston Red Sox,109000,5500000,5391000
1994,Baltimore Orioles,109000,5500000,5391000
1994,Atlanta Braves,109000,5500000,5391000
1997,Chicago Cubs,150000,5500000,5350000
1998,Tampa Bay Devil Rays,170000,5500000,5330000
1995,New York Yankees,109000,5400000,5291000
1993,California Angels,109000,5375000,5266000
1994,Chicago White Sox,50000,5300000,5250000
1994,New York Yankees,109000,5350000,5241000
1995,Los Angeles Dodgers,109000,5300000,5191000
1992,New York Yankees,109000,5300000,5191000
1993,Minnesota Twins,109000,5300000,5191000
1994,Minnesota Twins,109000,5300000,5191000
1998,Cincinnati Reds,170000,5300000,5130000
2007,Washington Nationals,380000,5500000,5120000
1998,San Diego Padres,170000,5275000,5105000
2009,Florida Marlins,400000,5500000,5100000
1993,Baltimore Orioles,109000,5200000,5091000
1994,San Francisco Giants,109000,5166666,5057666
1993,New York Yankees,0,5050000,5050000
1994,Boston Red Sox,109000,5155250,5046250
2007,Pittsburgh Pirates,380000,5400000,5020000
1994,Seattle Mariners,109000,5100000,4991000
1994,Texas Rangers,109000,5100000,4991000
1996,Kansas City Royals,109000,5051250,4942250
1996,Houston Astros,109000,5050000,4941000
1995,Colorado Rockies,109000,5019382,4910382
1995,California Angels,109000,5000000,4891000
1994,Kansas City Royals,109000,5000000,4891000
1993,Kansas City Royals,109000,5000000,4891000
1996,California Angels,109000,5000000,4891000
1992,Texas Rangers,109000,5000000,4891000
1998,New York Mets,170000,5050000,4880000
1994,Cincinnati Reds,109000,4975000,4866000
1997,Milwaukee Brewers,150000,5000000,4850000
1997,Kansas City Royals,150000,5000000,4850000
2011,Tampa Bay Rays,414900,5250000,4835100
1998,Anaheim Angels,170000,5000000,4830000
1998,Oakland Athletics,170000,5000000,4830000
1998,Milwaukee Brewers,170000,5000000,4830000
1999,Oakland Athletics,200000,5000000,4800000
1999,Detroit Tigers,200000,5000000,4800000
2000,Milwaukee Brewers,200000,5000000,4800000
1993,Pittsburgh Pirates,109000,4900000,4791000
1995,Milwaukee Brewers,109000,4875000,4766000
1993,Boston Red Sox,109000,4875000,4766000
1992,Boston Red Sox,109000,4833333,4724333
1997,St. Louis Cardinals,150000,4850000,4700000
1994,Oakland Athletics,109000,4800000,4691000
1996,Los Angeles Dodgers,109000,4800000,4691000
1992,Pittsburgh Pirates,109000,4800000,4691000
1995,Kansas City Royals,109000,4800000,4691000
1993,Texas Rangers,109000,4800000,4691000
1996,Chicago Cubs,109000,4750000,4641000
1993,San Francisco Giants,109000,4750000,4641000
2005,Tampa Bay Devil Rays,316000,4916667,4600667
1999,Kansas City Royals,200000,4800000,4600000
2010,Pittsburgh Pirates,400000,5000000,4600000
1996,Pittsburgh Pirates,109000,4700000,4591000
1995,San Diego Padres,109000,4658334,4549334
1994,Florida Marlins,109000,4625000,4516000
1994,St. Louis Cardinals,109000,4600000,4491000
1997,San Diego Padres,125000,4575000,4450000
1995,Cleveland Indians,109000,4550000,4441000
1995,St. Louis Cardinals,109000,4525000,4416000
1994,Cleveland Indians,109000,4500000,4391000
1992,Detroit Tigers,109000,4500000,4391000
1992,Toronto Blue Jays,109000,4450000,4341000
1995,Pittsburgh Pirates,109000,4400000,4291000
1995,Chicago Cubs,109000,4400000,4291000
1992,California Angels,109000,4375000,4266000
1992,Cincinnati Reds,109000,4350000,4241000
1993,Los Angeles Dodgers,109000,4333333,4224333
1993,San Diego Padres,109000,4333333,4224333
1993,Detroit Tigers,109000,4333333,4224333
1992,Los Angeles Dodgers,115000,4333333,4218333
1996,San Diego Padres,109000,4300000,4191000
1992,Oakland Athletics,109000,4300000,4191000
1992,San Francisco Giants,109000,4275000,4166000
1994,Houston Astros,109000,4275000,4166000
1993,Houston Astros,109000,4250000,4141000
1994,Detroit Tigers,109000,4237500,4128500
1993,Florida Marlins,109000,4225000,4116000
1999,Minnesota Twins,200000,4300000,4100000
1992,Kansas City Royals,109000,4200000,4091000
1993,Oakland Athletics,109000,4200000,4091000
1992,Chicago Cubs,116000,4200000,4084000
1998,Minnesota Twins,170000,4250000,4080000
1993,Seattle Mariners,109000,4150000,4041000
2006,Florida Marlins,327000,4350000,4023000
1996,St. Louis Cardinals,109000,4100000,3991000
1992,San Diego Padres,109000,4075000,3966000
2000,Montreal Expos,200000,4125000,3925000
1994,Montreal Expos,109000,4025000,3916000
1993,Chicago White Sox,100000,4000000,3900000
1997,Anaheim Angels,150000,4000000,3850000
2000,Kansas City Royals,202500,4000000,3797500
1994,California Angels,109000,3875000,3766000
2007,Tampa Bay Devil Rays,380000,4125000,3745000
1994,Colorado Rockies,109000,3850000,3741000
1991,Toronto Blue Jays,100000,3791667,3691667
1991,Los Angeles Dodgers,115000,3800000,3685000
1991,San Francisco Giants,100000,3750000,3650000
1992,Seattle Mariners,109000,3750000,3641000
1996,New York Mets,109000,3725000,3616000
1991,Minnesota Twins,105000,3700000,3595000
2011,Kansas City Royals,414000,4000000,3586000
1994,Los Angeles Dodgers,109000,3650000,3541000
1992,Chicago White Sox,109000,3650000,3541000
1991,Kansas City Royals,100000,3625000,3525000
1994,San Diego Padres,109000,3633333,3524333
1991,Cincinnati Reds,100000,3600000,3500000
1997,Montreal Expos,150000,3615000,3465000
1991,California Angels,105000,3550000,3445000
1994,Pittsburgh Pirates,109000,3550000,3441000
1991,Chicago White Sox,100000,3500000,3400000
1993,Philadelphia Phillies,100000,3500000,3400000
1991,Oakland Athletics,105000,3500000,3395000
1992,Milwaukee Brewers,109000,3500000,3391000
1994,Milwaukee Brewers,109000,3500000,3391000
1991,New York Yankees,100000,3420000,3320000
1992,Baltimore Orioles,109000,3415000,3306000
2000,Minnesota Twins,200000,3500000,3300000
1992,Minnesota Twins,109000,3400000,3291000
1991,Pittsburgh Pirates,105000,3350000,3245000
1992,Montreal Expos,109000,3348333,3239333
1991,Montreal Expos,103500,3333333,3229833
1991,Chicago Cubs,100000,3325000,3225000
1991,Texas Rangers,105000,3300000,3195000
1991,Baltimore Orioles,100000,3275000,3175000
1991,Boston Red Sox,100000,3250000,3150000
1993,Milwaukee Brewers,109000,3250000,3141000
1991,Milwaukee Brewers,140000,3243333,3103333
1990,Milwaukee Brewers,100000,3200000,3100000
1992,Philadelphia Phillies,109000,3200000,3091000
1992,Atlanta Braves,109000,3183333,3074333
1991,New York Mets,100000,3166667,3066667
1996,Montreal Expos,109000,3050000,2941000
1993,Montreal Expos,109000,3000000,2891000
1993,St. Louis Cardinals,109000,3000000,2891000
1995,Montreal Expos,109000,3000000,2891000
1999,Montreal Expos,200000,3000000,2800000
1994,Philadelphia Phillies,109000,2875000,2766000
1986,New York Mets,60000,2800000,2740000
1990,Minnesota Twins,100000,2816667,2716667
1999,Pittsburgh Pirates,0,2700000,2700000
1989,Los Angeles Dodgers,68000,2766667,2698667
1989,Minnesota Twins,68000,2766666,2698666
1991,St. Louis Cardinals,100000,2791666,2691666
1992,St. Louis Cardinals,109000,2791667,2682667
1991,San Diego Padres,100000,2750000,2650000
2013,Houston Astros,480000,3000000,2520000
1990,Boston Red Sox,100000,2600000,2500000
1989,Kansas City Royals,68000,2515362,2447362
1998,Pittsburgh Pirates,170000,2600000,2430000
1990,Los Angeles Dodgers,100000,2513703,2413703
1991,Cleveland Indians,100000,2500000,2400000
1991,Philadelphia Phillies,100000,2500000,2400000
1990,New York Yankees,100000,2500000,2400000
1989,Baltimore Orioles,68000,2466667,2398667
1989,New York Mets,68000,2416667,2348667
1991,Houston Astros,100000,2412500,2312500
1989,Boston Red Sox,68000,2354748,2286748
1988,St. Louis Cardinals,62500,2340000,2277500
1989,Chicago Cubs,68000,2340000,2272000
1998,Detroit Tigers,170000,2425000,2255000
1990,Oakland Athletics,100000,2350000,2250000
1988,Kansas City Royals,62500,2305000,2242500
1988,Philadelphia Phillies,62500,2250000,2187500
1989,St. Louis Cardinals,62500,2240000,2177500
1990,Kansas City Royals,100000,2255000,2155000
1988,Boston Red Sox,62500,2214865,2152365
1990,San Francisco Giants,100000,2250000,2150000
1989,New York Yankees,68000,2200000,2132000
1997,Pittsburgh Pirates,150000,2266667,2116667
2008,Florida Marlins,390000,2500000,2110000
1991,Detroit Tigers,100000,2200000,2100000
1988,New York Mets,62500,2160714,2098214
1989,Pittsburgh Pirates,68000,2150000,2082000
1988,Baltimore Orioles,62500,2142904,2080404
1986,Philadelphia Phillies,60000,2136666,2076666
1985,Philadelphia Phillies,60000,2130300,2070300
1987,Philadelphia Phillies,62500,2127333,2064833
1987,Boston Red Sox,62500,2110000,2047500
1989,Montreal Expos,68000,2104889,2036889
1989,Milwaukee Brewers,68000,2100000,2032000
1990,Cincinnati Reds,100000,2125000,2025000
1988,Chicago Cubs,62500,2070000,2007500
1990,Chicago Cubs,100000,2100000,2000000
1990,Detroit Tigers,100000,2100000,2000000
1987,New York Mets,62500,2060714,1998214
1987,Kansas City Royals,62500,2055000,1992500
1991,Atlanta Braves,110000,2100000,1990000
1988,Los Angeles Dodgers,62500,2050000,1987500
1990,St. Louis Cardinals,100000,2083333,1983333
1987,Baltimore Orioles,62500,2044757,1982257
1985,New York Mets,60000,2028571,1968571
1990,Montreal Expos,100000,2055555,1955555
1991,Seattle Mariners,100000,2037500,1937500
1988,Atlanta Braves,62500,2000000,1937500
1988,New York Yankees,67000,2000000,1933000
1989,San Diego Padres,68000,2000000,1932000
1989,Atlanta Braves,68000,2000000,1932000
1988,Detroit Tigers,62500,1988000,1925500
1986,Boston Red Sox,60000,1984423,1924423
1989,Detroit Tigers,68000,1989000,1921000
1987,New York Yankees,62500,1975000,1912500
1990,Atlanta Braves,100000,2000000,1900000
1990,Philadelphia Phillies,100000,2000000,1900000
1990,San Diego Padres,100000,2000000,1900000
1990,Toronto Blue Jays,100000,2000000,1900000
1990,Houston Astros,100000,1987500,1887500
1986,St. Louis Cardinals,60000,1940000,1880000
1987,St. Louis Cardinals,62500,1940000,1877500
1990,New York Mets,100000,1966667,1866667
1987,Atlanta Braves,62500,1925000,1862500
1988,Toronto Blue Jays,62500,1900000,1837500
1989,Toronto Blue Jays,68000,1900000,1832000
1998,Montreal Expos,170000,2000000,1830000
1986,New York Yankees,60000,1886714,1826714
1990,California Angels,100000,1916667,1816667
1987,Los Angeles Dodgers,62500,1850000,1787500
1987,Detroit Tigers,62500,1850000,1787500
1986,Atlanta Braves,60000,1825000,1765000
1986,Pittsburgh Pirates,60000,1825000,1765000
1987,Chicago Cubs,62500,1800000,1737500
1989,Texas Rangers,68000,1800000,1732000
1985,New York Yankees,100000,1795704,1695704
1990,Cleveland Indians,100000,1750000,1650000
1990,Chicago White Sox,100000,1750000,1650000
1988,Minnesota Twins,62500,1666666,1604166
1987,Montreal Expos,62500,1666333,1603833
1988,Montreal Expos,70000,1666333,1596333
1993,Cleveland Indians,109000,1700000,1591000
1985,San Diego Padres,130000,1713333,1583333
1987,Oakland Athletics,62500,1633333,1570833
1989,Cleveland Indians,68000,1630000,1562000
1992,Houston Astros,109000,1650000,1541000
1986,Los Angeles Dodgers,60000,1600000,1540000
1990,Texas Rangers,100000,1633333,1533333
1989,Oakland Athletics,68000,1600000,1532000
1985,Atlanta Braves,120000,1625000,1505000
1985,St. Louis Cardinals,60000,1555000,1495000
1986,Toronto Blue Jays,60000,1533333,1473333
1986,Chicago Cubs,60000,1530000,1470000
1987,Toronto Blue Jays,62500,1525000,1462500
1986,Montreal Expos,60000,1515000,1455000
1989,Cincinnati Reds,68000,1515000,1447000
1985,Baltimore Orioles,60000,1472819,1412819
1986,Kansas City Royals,60000,1471429,1411429
1989,California Angels,68000,1475000,1407000
1986,Minnesota Twins,60000,1450000,1390000
1987,San Diego Padres,62500,1450000,1387500
1989,Philadelphia Phillies,68000,1450000,1382000
1990,Seattle Mariners,100000,1475000,1375000
1988,Milwaukee Brewers,62500,1400000,1337500
1988,California Angels,62500,1400000,1337500
1989,Seattle Mariners,68000,1400000,1332000
1985,Houston Astros,60000,1350000,1290000
1985,Chicago Cubs,200000,1450000,1250000
1988,Oakland Athletics,62500,1300000,1237500
1989,Houston Astros,68000,1300000,1232000
1990,Baltimore Orioles,100000,1316667,1216667
1993,Colorado Rockies,109000,1325000,1216000
1985,Los Angeles Dodgers,60000,1270000,1210000
1987,Milwaukee Brewers,62500,1260000,1197500
1986,San Diego Padres,60000,1250000,1190000
1987,Chicago White Sox,62500,1250000,1187500
1985,Chicago White Sox,60000,1242333,1182333
1988,San Diego Padres,62500,1243333,1180833
1986,Oakland Athletics,60000,1233333,1173333
1987,Houston Astros,62500,1225000,1162500
1987,Minnesota Twins,152500,1310000,1157500
1990,Pittsburgh Pirates,100000,1250000,1150000
1986,Detroit Tigers,60000,1200000,1140000
1986,California Angels,60000,1200000,1140000
1985,Montreal Expos,60000,1200000,1140000
1988,Cincinnati Reds,62500,1200000,1137500
1987,Cincinnati Reds,62500,1200000,1137500
1989,Chicago White Sox,68000,1200000,1132000
1986,Baltimore Orioles,60000,1190000,1130000
1985,Milwaukee Brewers,60000,1176190,1116190
1989,San Francisco Giants,68000,1175000,1107000
1986,Milwaukee Brewers,60000,1160000,1100000
1986,Cincinnati Reds,60000,1150000,1090000
1987,Pittsburgh Pirates,62500,1150000,1087500
1986,Chicago White Sox,60000,1132652,1072652
1987,California Angels,62500,1133333,1070833
1986,Houston Astros,60000,1125000,1065000
1985,California Angels,60000,1100000,1040000
1986,Cleveland Indians,60000,1100000,1040000
1988,Houston Astros,62500,1100000,1037500
1987,Cleveland Indians,62500,1100000,1037500
1988,Cleveland Indians,67500,1100000,1032500
1985,Oakland Athletics,60000,1087500,1027500
1985,Pittsburgh Pirates,60000,1075000,1015000
1985,Cincinnati Reds,60000,1071429,1011429
1985,Detroit Tigers,76000,1083333,1007333
1985,Cleveland Indians,110000,1100000,990000
1985,Boston Red Sox,115000,1075000,960000
1985,Toronto Blue Jays,60000,1000000,940000
1988,Chicago White Sox,62500,1000000,937500
1988,Seattle Mariners,62500,990000,927500
1987,San Francisco Giants,62500,975000,912500
1985,Kansas City Royals,95000,1000000,905000
1992,Cleveland Indians,109000,950000,841000
1985,San Francisco Giants,60000,900000,840000
1986,San Francisco Giants,60000,900000,840000
1988,San Francisco Giants,70000,900000,830000
1986,Texas Rangers,60000,865000,805000
1988,Texas Rangers,62500,850000,787500
1988,Pittsburgh Pirates,62500,825000,762500
1987,Seattle Mariners,62500,750000,687500
1985,Minnesota Twins,60000,728571,668571
1985,Texas Rangers,60000,720000,660000
1985,Seattle Mariners,71600,690000,618400
1987,Texas Rangers,62500,620000,557500
1986,Seattle Mariners,60000,600000,540000
